30055
30055
30055
30055
30055
30054
30052
30051
30050
30049
30048
30047
30046
30045
30044
30042
30041
30039
30038
30037
30036
30034
30031
30029
30027
30026
30025
30024
30023
30022
30021
30020
30019
30018
30017
30016
30015
30013
30012
30009
30008
30006
30005
30003
30002
30001
30000
29999
29998
29997
29996
29995
29994
29993
29992
29991
29990
29989
29988
29987
29986
29985
29984
29983
29982
29979
29978
29977
29976
29975
29974
29973
29972
29971
29970
29969
29968
29967
29966
29965
29964
29963
29962
29961
29960
29959
29958
29957
29956
29955
29954
29953
29952
29951
29950
29948
29947
29946
29945
29944
29943
29942
29941
29940
29939
29938
29936
29935
29934
29933
29932
29931
29930
29929
29928
29927
29926
29925
29924
29923
29922
29921
29920
29919
29918
29917
29916
29915
29914
29913
29912
29911
29910
29909
29908
29907
29906
29905
29904
29903
29902
29901
29900
29899
29897
29896
29895
29891
29890
29889
29888
29887
29885
29884
29883
29882
29881
29880
29879
29878
29877
29876
29875
29870
29869
29868
29867
29866
29865
29864
29863
29862
29861
29860
29859
29858
29857
29856
29855
29854
29853
29852
29851
29850
29849
29848
29847
29846
29845
29844
29843
29842
29841
29839
29838
29835
29834
29833
29832
29831
29830
29827
29826
29825
29824
29820
29819
29817
29816
29815
29814
29813
29812
29811
29810
29809
29808
29807
29806
29805
29804
29803
29802
29801
29800
29799
29798
29797
29796
29795
29794
29792
29791
29790
29789
29788
29787
29786
29785
29784
29783
29782
29781
29780
29779
29778
29777
29776
29775
29774
29773
29772
29771
29767
29766
29765
29764
29763
29760
29759
29757
29752
29751
29745
29744
29743
29739
29738
29737
29736
29735
29734
29733
29732
29731
29730
29728
29727
29725
29724
29723
29722
29721
29720
29719
29718
29717
29716
29715
29714
29713
29712
29711
29710
29709
29708
29707
29706
29705
29704
29703
29702
29701
29700
29699
29698
29697
29696
29695
29694
29693
29692
29691
29690
29689
29688
29686
29685
29684
29683
29682
29681
29680
29679
29678
29676
29675
29674
29673
29672
29671
29670
29669
29668
29667
29666
29665
29664
29663
29662
29661
29660
29659
29658
29657
29653
29652
29649
29648
29646
29645
29644
29643
29642
29641
29640
29639
29638
29637
29636
29635
29634
29633
29630
29629
29628
29627
29626
29625
29623
29621
29620
29619
29618
29617
29615
29614
29613
29612
29611
29610
29609
29608
29607
29606
29605
29604
29603
29602
29601
29600
29599
29598
29597
29594
29593
29592
29591
29590
29589
29588
29587
29586
29585
29583
29582
29581
29580
29579
29577
29576
29575
29574
29573
29572
29571
29570
29569
29568
29567
29566
29565
29564
29563
29562
29561
29559
29558
29557
29556
29555
29554
29553
29551
29550
29548
29547
29546
29545
29544
29543
29542
29541
29540
29539
29538
29536
29535
29534
29532
29528
29526
29525
29524
29523
29522
29521
29517
29516
29515
29514
29512
29511
29510
29509
29508
29507
29506
29505
29504
29503
29502
29501
29500
29498
29496
29495
29494
29493
29491
29490
29489
29488
29487
29486
29485
29484
29483
29482
29481
29480
29479
29478
29477
29476
29475
29474
29473
29471
29470
29469
29468
29467
29465
29464
29463
29458
29457
29456
29454
29453
29452
29451
29450
29449
29448
29446
29445
29441
29440
29439
29438
29436
29435
29434
29433
29432
29431
29430
29429
29428
29426
29425
29424
29423
29422
29418
29415
29414
29413
29412
29410
29409
29407
29406
29405
29404
29401
29400
29399
29397
29395
29394
29393
29392
29391
29389
29388
29387
29386
29384
29383
29382
29381
29380
29379
29378
29377
29376
29374
29373
29372
29371
29370
29368
29366
29364
29362
29361
29357
29355
29353
29352
29350
29348
29347
29346
29345
29344
29343
29342
29341
29340
29339
29337
29334
29333
29332
29330
29329
29328
29327
29326
29325
29324
29323
29321
29320
29319
29318
29317
29316
29315
29314
29313
29312
29311
29310
29309
29308
29307
29306
29305
29304
29303
29302
29301
29300
29299
29298
29297
29296
29295
29294
29292
29291
29290
29288
29286
29285
29283
29280
29279
29278
29275
29274
29273
29272
29271
29270
29269
29268
29257
29256
29253
29252
29251
29250
29249
29248
29247
29192
29191
29190
29187
29186
29184
29183
29182
29181
29180
29179
29178
29177
29171
29170
29169
29168
29167
29166
29165
29164
29163
29162
29161
29159
29158
29157
29155
29154
29153
29151
29150
29149
29148
29147
29146
29145
29144
29143
29142
29141
29140
29137
29136
29135
29134
29132
29131
29130
29129
29127
29126
29123
29122
29121
29120
29119
29118
29117
29116
29115
29114
29113
29112
29109
29107
29106
29105
29104
29103
29102
29101
29100
29099
29096
29095
29094
29092
29091
29090
29088
29087
29086
29085
29084
29083
29082
29080
29079
29078
29076
29075
29072
29071
29070
29069
29068
29067
29066
29065
29064
29062
29061
29059
29058
29057
29056
29054
29053
29052
29050
29049
29047
29045
29042
29041
29040
29039
29037
29034
29032
29030
29029
29026
29025
29024
29023
29022
29021
29020
29018
29013
29009
29007
29006
29005
29004
29003
29000
28998
28997
28996
28995
28994
28993
28992
28991
28989
28988
28987
28986
28985
28982
28981
28980
28978
28976
28975
28974
28973
28972
28971
28970
28969
28968
28967
28966
28964
28963
28961
28960
28959
28958
28957
28956
28955
28954
28953
28952
28951
28950
28949
28948
28947
28946
28945
28944
28943
28942
28940
28936
28935
28934
28933
28932
28931
28929
28928
28927
28925
28924
28920
28918
28917
28915
28913
28912
28911
28910
28905
28904
28903
28902
28901
28900
28899
28898
28897
28896
28895
28894
28893
28892
28891
28890
28888
28887
28886
28885
28884
28882
28881
28880
28879
28878
28876
28875
28874
28873
28872
28871
28869
28868
28867
28866
28864
28863
28862
28861
28860
28859
28857
28856
28855
28854
28853
28852
28851
28848
28847
28845
28844
28843
28842
28841
28840
28839
28838
28836
28835
28834
28833
28832
28831
28830
28829
28828
28827
28823
28822
28821
28820
28818
28817
28816
28815
28813
28811
28810
28809
28808
28807
28806
28805
28804
28803
28802
28801
28800
28799
28793
28792
28791
28790
28789
28788
28786
28785
28784
28783
28782
28780
28775
28774
28773
28770
28769
28768
28767
28765
28764
28763
28762
28761
28758
28757
28756
28755
28754
28753
28752
28751
28749
28748
28747
28746
28745
28744
28743
28742
28741
28740
28738
28737
28735
28731
28729
28727
28724
28723
28722
28720
28718
28717
28716
28714
28713
28712
28711
28710
28709
28708
28707
28706
28705
28703
28702
28701
28700
28699
28698
28697
28695
28694
28692
28690
28689
28688
28687
28686
28685
28684
28683
28682
28681
28680
28679
28678
28676
28675
28674
28670
28668
28667
28663
28662
28660
28658
28657
28655
28653
28652
28651
28648
28647
28646
28644
28643
28642
28638
28637
28636
28635
28634
28633
28632
28631
28630
28624
28623
28621
28619
28618
28617
28616
28614
28607
28605
28602
28601
28600
28599
28598
28590
28589
28588
28587
28586
28585
28584
28583
28582
28580
28579
28578
28577
28574
28573
28572
28570
28569
28568
28567
28565
28563
28562
28561
28560
28559
28558
28557
28556
28555
28554
28553
28552
28551
28549
28548
28547
28545
28544
28538
28537
28536
28534
28533
28532
28531
28530
28529
28528
28527
28526
28525
28524
28523
28522
28521
28518
28517
28516
28515
28513
28510
28509
28508
28507
28505
28504
28503
28502
28501
28500
28499
28498
28497
28496
28495
28492
28490
28488
28487
28485
28484
28481
28479
28478
28477
28475
28474
28473
28472
28471
28470
28469
28467
28466
28463
28462
28461
28460
28459
28458
28457
28456
28454
28453
28451
28447
28446
28442
28437
28435
28434
28433
28431
28430
28429
28427
28426
28423
28419
28413
28408
28406
28405
28404
28403
28402
28401
28400
28398
28397
28395
28394
28393
28390
28389
28387
28386
28385
28382
28381
28380
28378
28374
28373
28372
28371
28370
28369
28365
28364
28362
28361
28359
28358
28355
28354
28353
28352
28351
28348
28347
28346
28343
28342
28341
28339
28338
28333
28329
28328
28327
28326
28325
28324
28323
28320
28319
28318
28316
28315
28314
28312
28311
28310
28309
28307
28306
28305
28304
28303
28302
28301
28300
28299
28297
28296
28295
28294
28292
28290
28289
28288
28287
28286
28285
28284
28283
28282
28281
28277
28276
28275
28274
28273
28272
28271
28270
28269
28267
28266
28265
28264
28263
28262
28261
28259
28257
28256
28253
28252
28251
28250
28249
28246
28245
28244
28243
28242
28240
28239
28237
28236
28235
28234
28233
28232
28230
28229
28228
28227
28226
28225
28224
28223
28222
28221
28220
28219
28218
28217
28216
28214
28210
28209
28208
28207
28206
28203
28202
28201
28200
28199
28197
28196
28195
28193
28192
28191
28190
28189
28187
28186
28184
28183
28182
28181
28179
28178
28177
28176
28175
28172
28171
28170
28169
28168
28167
28166
28165
28164
28163
28162
28160
28159
28158
28157
28156
28155
28153
28152
28151
28150
28149
28148
28146
28144
28143
28142
28141
28140
28139
28136
28134
28133
28132
28130
28129
28128
28127
28125
28123
28120
28119
28118
28115
28114
28113
28111
28109
28108
28107
28105
28104
28103
28101
28098
28097
28096
28095
28092
28091
28090
28088
28087
28086
28085
28083
28082
28081
28080
28079
28076
28075
28074
28073
28072
28069
28066
28064
28063
28060
28059
28057
28051
28050
28049
28048
28047
28045
28044
28041
28040
28039
28038
28037
28036
28035
28034
28031
28030
28029
28028
28027
28021
28020
28019
28018
28017
28013
28012
28011
28010
28009
28008
28007
28005
28004
28002
28001
27999
27998
27997
27996
27992
27991
27990
27987
27985
27984
27982
27981
27979
27978
27977
27976
27975
27974
27972
27971
27970
27969
27968
27967
27966
27964
27963
27962
27961
27960
27959
27958
27957
27956
27955
27954
27953
27952
27951
27948
27947
27946
27945
27944
27942
27941
27940
27939
27938
27937
27935
27934
27933
27930
27927
27923
27922
27920
27919
27918
27916
27915
27914
27913
27912
27908
27905
27904
27903
27902
27901
27900
27899
27898
27897
27896
27895
27894
27891
27890
27889
27887
27886
27885
27884
27882
27880
27878
27877
27874
27873
27870
27867
27864
27862
27861
27859
27858
27857
27852
27849
27848
27847
27846
27845
27844
27843
27842
27841
27840
27839
27838
27837
27833
27832
27831
27830
27829
27828
27827
27824
27823
27821
27820
27819
27816
27815
27813
27810
27809
27808
27807
27805
27804
27803
27802
27801
27800
27798
27797
27796
27795
27794
27793
27792
27791
27790
27789
27788
27787
27786
27784
27783
27782
27781
27780
27779
27777
27776
27775
27773
27772
27771
27769
27767
27766
27765
27764
27763
27762
27761
27760
27759
27758
27757
27756
27755
27753
27750
27748
27745
27743
27742
27741
27740
27739
27738
27737
27736
27735
27734
27733
27731
27730
27729
27728
27727
27723
27722
27720
27716
27713
27712
27711
27710
27708
27707
27706
27705
27704
27703
27702
27701
27699
27693
27691
27690
27686
27685
27684
27683
27680
27679
27678
27675
27674
27673
27669
27667
27666
27665
27664
27663
27661
27660
27658
27654
27653
27652
27646
27645
27643
27642
27641
27639
27638
27637
27636
27633
27632
27631
27629
27628
27627
27626
27625
27616
27610
27608
27607
27606
27604
27603
27601
27600
27599
27598
27597
27595
27593
27588
27587
27585
27584
27580
27577
27574
27570
27569
27568
27567
27565
27563
27561
27557
27552
27549
27547
27545
27544
27542
27541
27538
27535
27534
27528
27527
27525
27524
27523
27521
27519
27518
27513
27512
27507
27505
27504
27503
27502
27500
27499
27498
27497
27496
27495
27494
27493
27489
27488
27486
27485
27483
27482
27480
27479
27478
27477
27475
27474
27471
27469
27468
27467
27466
27464
27463
27462
27461
27457
27456
27453
27452
27451
27450
27449
27446
27445
27443
27442
27441
27440
27438
27437
27435
27433
27432
27431
27430
27429
27428
27426
27425
27423
27422
27421
27413
27412
27410
27409
27406
27405
27403
27401
27398
27396
27394
27391
27390
27389
27388
27387
27386
27385
27378
27377
27376
27375
27374
27373
27367
27366
27363
27362
27359
27358
27357
27356
27355
27354
27351
27349
27348
27347
27346
27345
27343
27341
27340
27339
27335
27334
27333
27332
27331
27330
27329
27328
27327
27326
27324
27323
27322
27320
27319
27318
27317
27316
27314
27313
27312
27311
27310
27309
27308
27307
27304
27303
27302
27300
27297
27296
27295
27294
27292
27291
27287
27284
27279
27273
27272
27271
27270
27269
27268
27267
27266
27265
27264
27262
27261
27260
27259
27258
27257
27255
27254
27253
27252
27251
27250
27249
27248
27245
27243
27242
27241
27240
27239
27238
27237
27236
27233
27232
27231
27230
27229
27228
27226
27225
27224
27221
27220
27217
27215
27214
27213
27212
27211
27210
27208
27207
27206
27205
27204
27203
27202
27201
27198
27197
27196
27195
27194
27191
27189
27188
27186
27185
27184
27183
27182
27181
27180
27177
27175
27173
27172
27171
27170
27169
27168
27164
27163
27162
27161
27160
27158
27152
27151
27150
27147
27146
27145
27144
27143
27142
27141
27139
27138
27137
27136
27135
27134
27132
27131
27130
27129
27128
27127
27125
27124
27123
27121
27120
27119
27118
27117
27116
27115
27113
27112
27111
27110
27109
27107
27106
27105
27104
27096
27095
27093
27092
27091
27090
27088
27087
27086
27083
27081
27079
27075
27073
27072
27069
27068
27067
27066
27063
27061
27060
27058
27057
27056
27054
27053
27052
27051
27050
27046
27045
27044
27042
27036
27035
27033
27032
27031
27023
27022
27021
27012
27011
27010
27006
27004
27003
26999
26998
26997
26995
26994
26993
26992
26989
26987
26986
26985
26979
26977
26975
26974
26973
26971
26968
26967
26966
26965
26964
26962
26960
26959
26957
26954
26953
26952
26949
26948
26947
26946
26945
26944
26943
26942
26941
26939
26938
26937
26933
26932
26931
26930
26929
26928
26927
26926
26925
26924
26922
26921
26920
26918
26915
26914
26913
26912
26910
26907
26906
26905
26903
26900
26899
26898
26896
26890
26889
26887
26886
26885
26884
26883
26882
26881
26879
26878
26877
26876
26872
26871
26870
26869
26868
26866
26865
26864
26863
26862
26860
26859
26858
26857
26856
26855
26854
26848
26846
26837
26834
26833
26832
26831
26830
26828
26826
26825
26824
26823
26821
26820
26819
26817
26815
26814
26813
26811
26809
26807
26806
26805
26804
26803
26801
26798
26797
26796
26795
26792
26791
26790
26789
26785
26778
26773
26772
26770
26769
26768
26766
26763
26761
26756
26755
26754
26753
26751
26750
26715
26714
26710
26709
26707
26706
26704
26698
26697
26696
26695
26694
26693
26691
26687
26686
26685
26682
26679
26678
26677
26675
26673
26666
26665
26663
26662
26661
26660
26659
26658
26655
26651
26649
26648
26645
26644
26643
26642
26640
26638
26637
26636
26629
26625
26624
26623
26617
26614
26613
26612
26611
26610
26609
26607
26605
26604
26601
26600
26599
26597
26596
26595
26594
26593
26591
26589
26588
26584
26582
26581
26580
26578
26577
26575
26574
26573
26571
26569
26565
26563
26562
26561
26560
26558
26557
26556
26554
26553
26552
26548
26547
26546
26545
26544
26543
26542
26541
26538
26536
26535
26534
26533
26532
26531
26528
26527
26526
26525
26524
26522
26511
26510
26509
26508
26507
26506
26505
26504
26503
26502
26501
26497
26496
26494
26492
26491
26480
26479
26478
26477
26476
26475
26471
26470
26469
26468
26467
26466
26465
26464
26463
26462
26459
26458
26457
26455
26453
26452
26451
26447
26446
26442
26441
26440
26438
26431
26429
26428
26425
26424
26423
26422
26409
26408
26406
26405
26403
26402
26401
26400
26399
26398
26397
26394
26391
26390
26389
26388
26387
26386
26385
26384
26383
26378
26376
26375
26373
26372
26371
26370
26369
26368
26367
26366
26365
26364
26363
26360
26359
26358
26357
26356
26355
26354
26353
26349
26348
26346
26345
26344
26343
26342
26341
26340
26339
26337
26336
26335
26334
26333
26332
26331
26330
26329
26328
26327
26326
26325
26324
26323
26320
26319
26318
26317
26316
26311
26310
26309
26306
26304
26302
26300
26299
26298
26297
26296
26295
26292
26291
26290
26289
26288
26287
26286
26285
26284
26283
26282
26281
26280
26279
26277
26276
26275
26274
26272
26271
26270
26269
26268
26266
26265
26264
26263
26261
26260
26259
26258
26255
26243
26240
26239
26238
26237
26236
26234
26233
26231
26230
26228
26227
26226
26225
26224
26223
26220
26218
26216
26215
26213
26211
26210
26277
26276
26275
26274
26272
26271
26270
26269
26268
26266
26265
26264
26263
26261
26260
26259
26258
26255
26243
26240
26239
26238
26237
26236
26234
26233
26231
26230
26228
26227
26226
26225
26224
26223
26220
26218
26216
26215
26213
26211
26210
26209
26208
26206
26205
26204
26203
26200
26198
26197
26196
26195
26194
26193
26192
26191
26190
26189
26187
26184
26183
26182
26180
26178
26177
26176
26173
26171
26168
26167
26165
26164
26162
26161
26159
26154
26153
26152
26151
26148
26144
26143
26142
26141
26140
26138
26137
26136
26135
26132
26129
26128
26126
26125
26124
26122
26121
26120
26117
26116
26115
26114
26113
26112
26111
26109
26105
26104
26103
26101
26100
26099
26097
26096
26093
26089
26088
26087
26086
26084
26081
26080
26079
26078
26077
26076
26072
26071
26070
26068
26067
26066
26064
26062
26061
26060
26059
26058
26057
26056
26055
26054
26051
26049
26048
26047
26046
26044
26043
26041
26040
26039
26038
26037
26035
26034
26030
26029
26028
26027
26026
26025
26024
26022
26021
26020
26019
26018
26017
26014
26011
26010
26009
26008
26007
26006
26005
26004
26003
26001
25998
25997
25996
25995
25994
25993
25991
25990
25989
25987
25986
25984
25983
25982
25980
25979
25978
25977
25976
25975
25974
25973
25972
25967
25965
25964
25963
25962
25961
25960
25959
25958
25957
25955
25953
25951
25950
25947
25944
25943
25942
25941
25940
25939
25938
25937
25935
25934
25931
25923
25922
25919
25917
25910
25908
25901
25900
25899
25898
25896
25895
25891
25890
25884
25883
25881
25879
25878
25877
25873
25872
25871
25869
25867
25866
25865
25863
25861
25860
25859
25856
25855
25854
25853
25852
25851
25850
25849
25848
25841
25838
25836
25835
25833
25832
25831
25830
25828
25827
25825
25824
25823
25822
25821
25820
25819
25814
25813
25808
25806
25805
25804
25802
25801
25800
25799
25798
25796
25795
25790
25785
25784
25781
25780
25779
25778
25777
25775
25774
25773
25772
25771
25770
25769
25768
25766
25764
25763
25762
25761
25760
25759
25758
25757
25756
25755
25754
25753
25752
25749
25748
25745
25742
25741
25740
25738
25734
25733
25730
25729
25728
25727
25726
25725
25724
25720
25719
25718
25717
25716
25714
25712
25711
25710
25709
25706
25704
25700
25699
25698
25697
25693
25692
25691
25690
25688
25686
25685
25684
25682
25681
25679
25678
25671
25670
25669
25668
25663
25662
25660
25659
25651
25650
25648
25646
25645
25644
25643
25641
25640
25639
25637
25636
25634
25633
25632
25631
25630
25626
25625
25623
25616
25614
25612
25610
25608
25603
25601
25600
25599
25590
25589
25588
25587
25586
25584
25583
25582
25581
25580
25579
25578
25577
25576
25575
25574
25573
25568
25566
25563
25561
25557
25556
25555
25553
25552
25546
25541
25534
25533
25532
25531
25528
25523
25522
25521
25520
25516
25514
25511
25510
25509
25508
25507
25506
25504
25501
25500
25485
25484
25483
25482
25480
25478
25477
25468
25463
25462
25461
25460
25459
25458
25457
25456
25455
25449
25448
25445
25443
25441
25438
25437
25434
25431
25429
25427
25426
25425
25422
25421
25415
25413
25400
25398
25397
25395
25393
25392
25390
25389
25388
25386
25385
25382
25378
25375
25374
25371
25370
25368
25367
25366
25361
25356
25350
25349
25347
25345
25344
25343
25342
25339
25338
25336
25335
25334
25333
25332
25331
25330
25327
25325
25324
25323
25321
25320
25319
25317
25316
25312
25311
25310
25308
25307
25305
25303
25302
25301
25299
25297
25296
25295
25294
25293
25289
25288
25287
25285
25278
25276
25275
25274
25273
25272
25270
25269
25267
25266
25265
25263
25261
25260
25259
25258
25257
25255
25254
25252
25250
25249
25248
25247
25246
25245
25244
25243
25242
25241
25240
25239
25238
25237
25236
25235
25234
25233
25232
25231
25228
25227
25226
25224
25223
25220
25219
25218
25217
25213
25211
25206
25205
25203
25202
25200
25198
25195
25194
25192
25191
25189
25188
25187
25186
25185
25184
25183
25182
25180
25179
25170
25165
25163
25161
25160
25158
25156
25149
25148
25147
25146
25145
25143
25139
25138
25137
25136
25135
25134
25132
25129
25128
25127
25126
25125
25123
25122
25121
25120
25117
25115
25114
25112
25111
25110
25109
25108
25107
25106
25105
25104
25101
25099
25095
25092
25091
25090
25089
25087
25086
25085
25082
25081
25080
25079
25078
25077
25076
25075
25069
25068
25067
25066
25065
25063
25061
25059
25058
25056
25055
25054
25053
25052
25051
25049
25048
25047
25046
25045
25043
25042
25041
25039
25038
25037
25036
25035
25034
25033
25021
25014
25010
25008
25006
25004
25001
24997
24996
24995
24994
24993
24991
24989
24987
24986
24985
24984
24983
24982
24981
24980
24979
24977
24976
24975
24974
24973
24972
24971
24970
24969
24966
24957
24956
24955
24954
24921
24920
24917
24916
24915
24912
24911
24910
24909
24908
24907
24906
24905
24904
24900
24898
24897
24896
24895
24892
24891
24890
24888
24887
24886
24885
24884
24883
24881
24880
24879
24878
24877
24876
24875
24874
24873
24872
24870
24869
24868
24867
24866
24865
24864
24863
24862
24861
24858
24856
24855
24853
24851
24849
24846
24845
24844
24843
24841
24840
24839
24838
24837
24836
24835
24833
24831
24829
24827
24826
24822
24821
24819
24817
24816
24815
24813
24812
24809
24807
24806
24805
24802
24801
24800
24799
24798
24797
24796
24791
24789
24786
24785
24784
24780
24775
24774
24772
24771
24767
24764
24762
24761
24759
24757
24755
24754
24753
24749
24748
24746
24742
24740
24739
24737
24736
24734
24733
24732
24731
24710
24705
24701
24700
24699
24698
24697
24695
24694
24692
24691
24689
24688
24653
24648
24646
24645
24644
24643
24641
24640
24639
24638
24637
24636
24635
24634
24630
24629
24628
24627
24624
24623
24622
24621
24620
24616
24615
24613
24611
24610
24609
24607
24602
24596
24595
24592
24589
24587
24586
24584
24583
24581
24580
24579
24578
24577
24576
24575
24572
24571
24570
24569
24566
24565
24564
24563
24561
24559
24555
24552
24551
24550
24549
24548
24547
24545
24544
24542
24541
24539
24538
24535
24532
24526
24521
24520
24518
24517
24515
24514
24513
24512
24509
24508
24507
24505
24504
24503
24502
24499
24498
24497
24495
24494
24493
24491
24488
24487
24485
24482
24481
24480
24479
24477
24470
24468
24467
24464
24461
24460
24458
24454
24453
24452
24450
24449
24448
24446
24444
24442
24441
24440
24439
24438
24436
24434
24431
24430
24428
24424
24423
24422
24418
24417
24415
24413
24412
24411
24408
24407
24406
24404
24403
24399
24398
24397
24396
24395
24392
24391
24384
24382
24381
24376
24375
24374
24373
24372
24371
24368
24367
24366
24365
24363
24362
24361
24360
24359
24358
24357
24354
24353
24352
24350
24347
24346
24345
24344
24343
24341
24337
24336
24332
24331
24330
24328
24327
24326
24319
24317
24314
24313
24312
24311
24310
24308
24307
24306
24305
24303
24302
24301
24300
24297
24296
24295
24294
24293
24291
24288
24286
24284
24283
24282
24279
24278
24277
24276
24275
24274
24270
24267
24266
24262
24261
24259
24258
24257
24256
24255
24253
24249
24247
24246
24245
24244
24243
24242
24241
24239
24237
24236
24235
24234
24233
24232
24228
24227
24226
24225
24220
24216
24215
24212
24211
24210
24209
24208
24207
24206
24204
24203
24202
24201
24199
24197
24196
24195
24193
24192
24191
24182
24180
24179
24177
24176
24174
24173
24171
24168
24167
24164
24163
24162
24161
24160
24159
24157
24156
24155
24153
24150
24149
24148
24146
24145
24141
24140
24139
24138
24136
24134
24133
24132
24131
24130
24129
24127
24126
24125
24124
24122
24121
24120
24119
24118
24117
24116
24115
24114
24113
24112
24111
24110
24106
24103
24101
24100
24099
24097
24095
24094
24093
24091
24089
24088
24087
24086
24083
24082
24081
24080
24079
24077
24074
24072
24070
24069
24066
24065
24063
24061
24056
24055
24051
24050
24049
24044
24043
24042
24037
24035
24033
24032
24030
24028
24026
24023
24020
24019
24018
24017
24016
24011
24010
24009
24008
24006
24005
24003
24000
23999
23998
23997
23996
23995
23994
23993
23991
23990
23989
23982
23980
23979
23978
23977
23970
23969
23967
23964
23963
23962
23961
23960
23959
23956
23955
23952
23951
23950
23947
23943
23942
23941
23939
23937
23936
23934
23933
23932
23931
23930
23929
23928
23926
23924
23923
23921
23920
23918
23917
23915
23914
23913
23912
23910
23907
23906
23905
23903
23900
23896
23895
23893
23892
23887
23883
23879
23878
23877
23876
23874
23873
23872
23870
23868
23867
23866
23865
23864
23863
23861
23858
23857
23856
23855
23852
23851
23850
23846
23845
23844
23843
23842
23836
23835
23834
23833
23827
23826
23824
23823
23822
23819
23818
23816
23814
23813
23810
23807
23805
23804
23803
23802
23801
23798
23797
23792
23791
23789
23785
23784
23783
23782
23778
23777
23776
23775
23773
23772
23771
23770
23769
23767
23766
23765
23764
23762
23761
23760
23758
23753
23752
23744
23743
23740
23739
23736
23735
23731
23730
23723
23716
23713
23712
23711
23710
23709
23708
23705
23704
23703
23699
23698
23697
23696
23695
23694
23693
23692
23691
23690
23689
23688
23685
23683
23682
23681
23678
23676
23674
23673
23672
23671
23669
23667
23666
23664
23663
23662
23661
23660
23658
23657
23656
23653
23652
23651
23650
23647
23646
23644
23642
23641
23640
23639
23637
23636
23635
23634
23632
23631
23628
23624
23622
23621
23619
23617
23616
23615
23613
23612
23611
23609
23608
23605
23469
23468
23467
23466
23465
23464
23460
23457
23456
23455
23454
23448
23447
23444
23440
23438
23437
23435
23432
23431
23430
23429
23428
23425
23424
23417
23416
23412
23411
23409
23408
23407
23406
23405
23404
23403
23402
23400
23399
23398
23395
23392
23391
23389
23386
23385
23384
23383
23381
23380
23379
23377
23376
23375
23371
23370
23366
23362
23359
23355
23353
23352
23351
23350
23349
23348
23347
23346
23345
23341
23340
23339
23338
23337
23336
23335
23334
23333
23331
23330
23328
23324
23323
23322
23321
23320
23319
23318
23317
23316
23315
23314
23313
23312
23311
23310
23309
23306
23303
23297
23296
23295
23294
23293
23289
23287
23286
23284
23283
23278
23272
23268
23267
23266
23265
23264
23263
23262
23261
23260
23258
23256
23255
23253
23251
23250
23248
23247
23246
23245
23244
23241
23240
23238
23237
23234
23233
23230
23228
23226
23217
23215
23214
23213
23212
23211
23209
23206
23201
23199
23196
23190
23189
23188
23187
23186
23184
23181
23180
23179
23177
23174
23173
23172
23171
23170
23169
23168
23154
23153
23152
23150
23149
23148
23144
23143
23135
23129
23128
23127
23126
23125
23124
23122
23120
23119
23116
23113
23112
23107
23106
23104
23102
23099
23098
23097
23092
23091
23090
23087
23086
23085
23084
23083
23082
23081
23080
23079
23076
23073
23070
23066
23062
23059
23058
23057
23056
23055
23054
23053
23050
23048
23045
23044
23042
23038
23037
23035
23033
23032
23031
23029
23028
23027
23026
23025
23024
23022
23020
23018
23017
23016
23015
23013
23012
23010
23009
23007
23005
23004
23000
22996
22994
22992
22991
22990
22989
22986
22985
22984
22982
22981
22980
22979
22976
22972
22971
22968
22967
22966
22965
22964
22962
22961
22957
22956
22955
22954
22953
22952
22951
22950
22947
22946
22944
22940
22938
22937
22934
22933
22932
22931
22930
22929
22926
22925
22921
22918
22917
22916
22915
22914
22912
22910
22907
22906
22900
22899
22898
22897
22896
22895
22892
22890
22889
22888
22886
22885
22884
22881
22880
22879
22878
22876
22874
22868
22866
22865
22864
22861
22860
22859
22857
22855
22854
22852
22819
22817
22816
22814
22813
22808
22807
22806
22803
22800
22797
22796
22795
22794
22793
22791
22790
22789
22787
22786
22785
22784
22783
22782
22778
22776
22774
22773
22772
22770
22766
22764
22763
22762
22761
22759
22757
22755
22754
22752
22750
22749
22748
22747
22746
22744
22742
22741
22740
22739
22738
22737
22732
22728
22726
22725
22723
22722
22718
22715
22714
22713
22711
22710
22709
22708
22707
22706
22705
22704
22703
22702
22701
22700
22699
22697
22695
22694
22693
22692
22690
22689
22688
22687
22686
22684
22683
22682
22681
22680
22679
22677
22676
22675
22674
22673
22672
22671
22670
22669
22668
22667
22666
22665
22662
22661
22659
22658
22654
22652
22651
22650
22649
22648
22647
22646
22645
22642
22641
22640
22638
22635
22634
22633
22632
22631
22630
22629
22628
22627
22626
22625
22623
22618
22617
22614
22612
22611
22607
22605
22604
22603
22602
22600
22599
22598
22591
22588
22586
22585
22584
22581
22580
22579
22578
22577
22576
22575
22574
22572
22565
22564
22562
22561
22559
22558
22554
22553
22551
22550
22549
22548
22547
22543
22540
22539
22534
22533
22532
22531
22525
22524
22520
22519
22513
22512
22511
22508
22352
22345
22341
22340
22336
22334
22333
22332
22331
22325
22324
22323
22322
22321
22320
22313
22310
22307
22305
22304
22301
22298
22297
22295
22294
22292
22291
22289
22288
22141
22139
22138
22137
22136
22135
22132
22131
22129
22128
22127
22126
22122
22117
22110
22104
22101
22100
22099
22095
22094
22093
22092
22090
22089
22088
22086
22085
22084
22082
22077
22076
22071
22069
22068
22067
22066
22059
22056
21986
21985
21983
21982
21981
21980
21977
21976
21975
21972
21971
21970
21966
21965
21962
21961
21960
21958
21957
21955
21951
21950
21949
21948
21945
21943
21942
21941
21940
21939
21938
21936
21928
21923
21922
21921
21920
21916
21915
21913
21912
21911
21910
21909
21908
21907
21906
21905
21904
21902
21899
21898
21895
21887
21884
21883
21882
21881
21880
21801
21796
21790
21784
21782
21780
21779
21778
21775
21772
21771
21770
21769
21768
21767
21764
21763
21762
21761
21759
21757
21754
21752
21749
21748
21746
21745
21744
21743
21742
21740
21739
21738
21737
21735
21733
21732
21729
21728
21727
21726
21724
21721
21720
21718
21716
21714
21712
21710
21709
21707
21706
21705
21703
21694
21693
21692
21691
21690
21689
21688
21687
21686
21685
21684
21682
21680
21679
21678
21676
21675
21674
21673
21672
21671
21669
21668
21664
21662
21660
21658
21657
21655
21654
21652
21651
21649
21646
21643
21642
21641
21640
21639
21635
21633
21632
21630
21629
21628
21627
21623
21621
21618
21616
21610
21608
21607
21606
21605
21604
21601
21600
21597
21596
21595
21517
21515
21514
21512
21511
21510
21506
21505
21504
21502
21501
21500
21498
21497
21494
21493
21492
21491
21490
21489
21488
21487
21485
21484
21482
21481
21480
21479
21478
21477
21476
21475
21474
21472
21471
21470
21465
21462
21460
21459
21458
21456
21454
21449
21440
21439
21438
21434
21432
21430
21429
21426
21424
21414
21411
21410
21409
21408
21407
21401
21400
21399
21398
21396
21392
21391
21388
21387
21385
21384
21382
21379
21378
21376
21375
21373
21371
21370
21367
21365
21364
21363
21361
21360
21359
21358
21357
21356
21352
21351
21350
21349
21347
21346
21345
21344
21341
21340
21334
21333
21332
21331
21327
21325
21324
21323
21322
21321
21320
21319
21317
21314
21313
21312
21311
21307
21306
21305
21304
21302
21301
21300
21299
21291
21290
21289
21288
21287
21286
21285
21284
21283
21282
21281
21280
21279
21278
21275
21271
21268
21267
21266
21265
21261
21260
21252
21250
21249
21248
21247
21246
21237
21231
21229
21227
21225
21223
21222
21141
21140
21137
21135
21134
21133
21129
21127
21126
21125
21122
21119
21117
21116
21112
21105
21101
21099
21096
21095
21090
21089
21084
21083
21082
21081
21078
21075
21073
21072
21070
21067
21065
21062
21060
21059
21058
21057
21056
21055
21054
21053
21052
21051
21050
21049
21047
21044
21043
21042
21039
21038
21035
21026
21021
21020
21019
21018
21017
21016
21015
21014
21013
21012
21011
21009
21004
21000
20993
20992
20990
20989
20984
20981
20979
20978
20898
20897
20895
20894
20890
20889
20888
20887
20886
20884
20883
20881
20880
20879
20878
20877
20872
20871
20870
20869
20867
20866
20865
20863
20859
20858
20857
20856
20854
20853
20770
20768
20766
20765
20763
20762
20761
20760
20759
20758
20757
20756
20754
20752
20749
20748
20747
20746
20744
20743
20741
20738
20735
20734
20733
20732
20731
20730
20729
20728
20726
20725
20722
20720
20713
20712
20710
20709
20708
20707
20705
20704
20703
20698
20697
20696
20694
20690
20689
20687
20686
20684
20683
20680
20674
20669
20667
20663
20661
20658
20656
20655
20645
20644
20643
20642
20641
20639
20636
20634
20631
20630
20627
20625
20623
20621
20620
20619
20618
20617
20615
20613
20612
20611
20610
20609
20608
20607
20605
20604
20600
20599
20598
20596
20587
20586
20585
20584
20583
20582
20580
20576
20575
20574
20573
20572
20571
20570
20568
20564
20562
20561
20559
20554
20553
20551
20549
20547
20546
20543
20540
20535
20531
20528
20525
20520
20519
20517
20514
20513
20509
20507
20506
20505
20501
20500
20499
20498
20492
20491
20489
20487
20485
20484
20483
20482
20481
20340
20335
20334
20333
20332
20330
20329
20328
20323
20321
20319
20318
20317
20316
20315
20314
20313
20310
20309
20308
20307
20304
20303
20301
20299
20298
20297
20296
20295
20294
20292
20291
20289
20286
20283
20282
20281
20280
20279
20276
20275
20274
20272
20271
20270
20269
20267
20266
20265
20264
20263
20262
20260
20181
20179
20177
20175
20172
20171
20170
20168
20167
20166
20165
20163
20162
20161
20160
20158
20150
20149
20148
20147
20146
20143
20141
20139
20132
20130
20128
20127
20122
20121
20120
20118
20112
20111
20110
20107
20106
20104
20103
20102
20101
20100
20099
20096
20095
20093
20090
20089
20088
20086
20085
20084
20083
20077
20075
20074
20073
20072
20071
20070
20069
20067
20066
20062
20061
20060
20059
20058
20057
20056
20054
20053
20046
20045
20044
20043
20042
20039
20037
20036
20035
20034
20033
20032
20031
20030
20029
20026
20025
20024
20018
20017
20011
20009
20008
20004
20003
20000
19999
19997
19996
19995
19994
19993
19991
19990
19988
19987
19986
19984
19983
19982
19980
19977
19976
19975
19973
19972
19971
19970
19969
19968
19966
19965
19964
19963
19959
19956
19955
19954
19953
19952
19948
19943
19942
19941
19940
19935
19933
19930
19929
19927
19926
19924
19923
19920
19918
19916
19914
19912
19911
19910
19909
19908
19907
19905
19903
19902
19900
19899
19898
