30053
30043
30040
30035
30033
30032
30030
30028
30014
30011
30010
30007
30004
29981
29980
29949
29937
29898
29894
29893
29892
29886
29874
29873
29872
29871
29840
29837
29836
29829
29828
29823
29822
29821
29818
29793
29770
29769
29768
29762
29761
29758
29756
29755
29754
29753
29750
29749
29748
29747
29746
29742
29741
29740
29729
29726
29687
29677
29656
29655
29654
29651
29650
29647
29632
29631
29616
29596
29584
29578
29560
29552
29549
29537
29533
29531
29527
29520
29519
29518
29499
29497
29492
29472
29466
29462
29461
29460
29459
29455
29447
29444
29443
29442
29437
29427
29421
29420
29419
29417
29416
29408
29403
29402
29398
29396
29390
29375
29367
29365
29363
29360
29359
29358
29356
29354
29351
29349
29338
29336
29335
29331
29322
29293
29289
29287
29284
29282
29281
29277
29276
29267
29266
29265
29264
29263
29262
29261
29260
29259
29258
29255
29254
29246
29245
29244
29243
29242
29241
29240
29239
29238
29237
29236
29235
29234
29233
29232
29231
29230
29229
29228
29227
29226
29225
29224
29223
29222
29221
29220
29219
29218
29217
29216
29215
29214
29213
29212
29211
29210
29209
29208
29207
29206
29205
29204
29203
29202
29201
29200
29199
29198
29197
29196
29195
29194
29193
29189
29188
29185
29176
29175
29174
29173
29172
29160
29156
29152
29139
29138
29133
29128
29125
29124
29111
29110
29108
29098
29097
29093
29089
29081
29077
29074
29073
29063
29055
29051
29048
29046
29044
29043
29038
29036
29035
29033
29031
29028
29027
29019
29017
29016
29015
29014
29012
29011
29008
29002
29001
28999
28990
28984
28983
28979
28977
28965
28962
28941
28939
28938
28937
28926
28923
28922
28921
28919
28916
28914
28909
28908
28907
28906
28889
28883
28870
28865
28858
28850
28849
28846
28837
28826
28825
28824
28819
28814
28812
28798
28797
28796
28795
28794
28781
28779
28777
28776
28772
28771
28766
28760
28759
28750
28733
28732
28730
28728
28726
28725
28721
28719
28677
28673
28672
28671
28669
28664
28661
28659
28656
28654
28640
28639
28629
28626
28625
28615
28613
28612
28610
28609
28608
28604
28603
28597
28596
28595
28594
28593
28592
28591
28581
28576
28575
28571
28566
28550
28546
28543
28542
28541
28535
28519
28512
28511
28506
28491
28489
28482
28476
28465
28464
28455
28450
28449
28445
28443
28441
28440
28439
28438
28424
28421
28420
28418
28417
28416
28415
28414
28412
28411
28410
28409
28396
28388
28384
28383
28376
28375
28368
28367
28366
28357
28356
28350
28345
28344
28340
28336
28332
28330
28322
28321
28317
28313
28308
28298
28278
28268
28255
28248
28241
28231
28215
28213
28212
28211
28204
28188
28173
28154
28147
28145
28138
28126
28124
28122
28117
28116
28106
28100
28089
28084
28071
28070
28067
28056
28054
28043
28042
28033
28026
28025
28024
28022
28015
28003
27994
27989
27980
27973
27936
27932
27929
27926
27925
27924
27917
27911
27910
27907
27906
27893
27881
27879
27876
27875
27871
27865
27856
27854
27853
27851
27836
27835
27822
27814
27812
27811
27806
27774
27768
27754
27752
27751
27749
27747
27746
27744
27726
27725
27724
27719
27718
27717
27715
27714
27700
27698
27697
27696
27695
27688
27687
27682
27677
27676
27672
27671
27670
27662
27659
27657
27651
27650
27648
27644
27635
27634
27630
27624
27623
27622
27621
27620
27619
27618
27617
27615
27614
27613
27612
27611
27609
27602
27594
27592
27591
27590
27589
27586
27581
27578
27576
27575
27573
27566
27564
27562
27560
27559
27558
27555
27554
27553
27551
27548
27546
27543
27540
27539
27533
27532
27531
27530
27529
27526
27522
27517
27516
27515
27514
27511
27510
27508
27506
27501
27487
27481
27473
27472
27465
27460
27459
27448
27447
27436
27427
27424
27420
27419
27418
27417
27416
27408
27407
27400
27399
27397
27384
27383
27382
27381
27380
27379
27372
27371
27369
27368
27365
27364
27361
27360
27353
27344
27342
27337
27336
27301
27299
27293
27290
27288
27285
27283
27282
27280
27278
27277
27275
27263
27246
27222
27219
27199
27193
27190
27187
27167
27166
27165
27159
27157
27156
27154
27153
27149
27148
27133
27122
27103
27100
27097
27094
27089
27085
27084
27082
27080
27077
27071
27064
27062
27055
27049
27047
27041
27040
27039
27038
27029
27028
27027
27026
27025
27024
27019
27018
27017
27015
27013
27008
27007
27005
26990
26983
26982
26981
26978
26970
26963
26961
26951
26950
26940
26936
26934
26917
26916
26909
26908
26904
26901
26897
26894
26893
26892
26875
26874
26873
26853
26851
26849
26847
26844
26843
26842
26841
26840
26839
26822
26816
26810
26802
26794
26787
26783
26782
26781
26780
26779
26776
26775
26771
26764
26759
26757
26752
26748
26747
26746
26745
26744
26743
26742
26741
26740
26739
26738
26737
26736
26735
26734
26733
26732
26731
26730
26729
26728
26727
26726
26725
26724
26723
26722
26721
26720
26719
26718
26717
26716
26712
26708
26705
26702
26701
26700
26699
26689
26684
26683
26674
26672
26671
26670
26668
26667
26656
26654
26653
26652
26650
26646
26634
26633
26632
26631
26630
26627
26626
26622
26621
26620
26619
26618
26616
26608
26606
26603
26602
26592
26583
26572
26570
26568
26567
26564
26559
26555
26537
26530
26523
26521
26520
26519
26518
26517
26513
26512
26499
26498
26495
26493
26490
26489
26488
26487
26486
26485
26484
26483
26482
26481
26474
26473
26472
26461
26460
26456
26450
26445
26443
26439
26436
26434
26433
26432
26430
26427
26421
26420
26419
26418
26417
26416
26415
26414
26413
26412
26411
26410
26407
26396
26393
26392
26382
26381
26380
26379
26374
26350
26347
26338
26321
26315
26314
26308
26307
26303
26301
26294
26293
26273
26267
26262
26257
26256
26252
26251
26250
26249
26248
26247
26246
26245
26244
26242
26241
26229
26221
26219
26214
26209
26208
26207
26206
26205
26204
26203
26202
26201
26200
26199
26198
26197
26196
26195
26194
26193
26192
26191
26190
26189
26188
26187
26186
26185
26184
26183
26182
26181
26180
26179
26178
26177
26176
26175
26174
26173
26172
26171
26170
26169
26168
26167
26166
26165
26164
26163
26162
26161
26160
26159
26158
26157
26156
26155
26154
26153
26152
26151
26150
26149
26148
26147
26146
26145
26144
26143
26142
26141
26140
26139
26138
26137
26136
26135
26134
26132
26131
26130
26129
26128
26127
26126
26125
26124
26122
26121
26120
26117
26116
26115
26114
26113
26112
26111
26109
26108
26107
26105
26104
26103
26102
26273
26267
26262
26257
26256
26252
26251
26250
26249
26248
26247
26246
26245
26244
26242
26241
26229
26221
26219
26214
26207
26202
26179
26175
26172
26163
26158
26157
26156
26155
26149
26147
26139
26134
26131
26130
26127
26108
26107
26102
26098
26095
26094
26091
26090
26082
26075
26074
26073
26045
26042
26032
26031
26015
26013
26012
25999
25992
25988
25985
25981
25971
25970
25969
25968
25956
25954
25952
25945
25933
25932
25930
25929
25928
25927
25925
25924
25918
25911
25909
25907
25905
25904
25893
25892
25889
25888
25887
25886
25885
25880
25874
25864
25858
25857
25847
25846
25845
25844
25843
25842
25840
25839
25837
25834
25826
25816
25815
25811
25810
25807
25797
25794
25786
25751
25747
25746
25744
25736
25735
25732
25731
25722
25721
25713
25707
25705
25703
25702
25701
25695
25680
25677
25676
25675
25672
25667
25666
25665
25658
25657
25653
25652
25642
25638
25629
25628
25622
25621
25620
25619
25618
25617
25613
25611
25609
25605
25604
25602
25598
25597
25596
25595
25594
25593
25592
25591
25567
25565
25562
25551
25550
25549
25545
25543
25542
25540
25537
25536
25535
25530
25529
25527
25526
25525
25524
25519
25515
25502
25499
25498
25497
25496
25495
25494
25493
25492
25491
25490
25488
25486
25481
25476
25475
25474
25473
25472
25471
25470
25469
25467
25453
25452
25451
25450
25447
25446
25444
25440
25439
25436
25430
25428
25424
25423
25420
25419
25418
25417
25416
25412
25409
25408
25407
25406
25405
25404
25403
25402
25401
25391
25387
25384
25380
25379
25377
25376
25373
25369
25365
25364
25363
25362
25359
25358
25357
25355
25354
25353
25348
25337
25329
25328
25322
25314
25313
25306
25291
25290
25283
25282
25281
25280
25279
25264
25253
25251
25230
25225
25222
25216
25215
25212
25210
25207
25204
25201
25199
25197
25193
25190
25178
25177
25176
25175
25174
25173
25172
25169
25168
25167
25159
25157
25154
25153
25152
25151
25144
25142
25140
25133
25131
25130
25124
25119
25118
25113
25103
25100
25098
25097
25096
25094
25093
25088
25083
25074
25073
25072
25071
25070
25060
25032
25030
25029
25028
25027
25025
25024
25023
25022
25020
25019
25017
25016
25015
25013
25012
25011
25009
25007
25005
24998
24990
24978
24967
24965
24964
24963
24962
24961
24960
24959
24958
24953
24952
24951
24950
24949
24948
24947
24946
24945
24944
24943
24942
24941
24940
24939
24938
24937
24936
24935
24934
24933
24932
24931
24930
24929
24928
24927
24926
24925
24924
24923
24922
24914
24913
24903
24899
24889
24882
24871
24860
24859
24854
24852
24847
24832
24830
24828
24818
24814
24811
24810
24808
24804
24793
24783
24782
24781
24779
24778
24777
24776
24766
24763
24760
24758
24756
24752
24751
24750
24747
24745
24744
24743
24741
24735
24730
24729
24728
24727
24726
24725
24724
24723
24722
24721
24719
24718
24717
24716
24715
24714
24713
24712
24711
24709
24708
24707
24706
24704
24687
24686
24685
24684
24683
24682
24681
24680
24679
24678
24677
24676
24675
24674
24673
24672
24671
24670
24669
24668
24667
24666
24665
24664
24663
24662
24661
24660
24659
24658
24657
24656
24655
24654
24652
24650
24632
24631
24626
24625
24618
24617
24612
24608
24606
24604
24601
24600
24599
24598
24597
24594
24593
24591
24590
24588
24585
24582
24574
24568
24567
24546
24540
24537
24536
24534
24533
24531
24530
24529
24528
24527
24523
24516
24510
24506
24501
24500
24496
24490
24489
24484
24475
24474
24473
24469
24456
24455
24451
24447
24435
24425
24421
24400
24393
24383
24379
24378
24364
24356
24355
24351
24349
24348
24342
24340
24339
24338
24334
24329
24318
24316
24315
24309
24304
24299
24290
24287
24272
24271
24269
24268
24264
24263
24254
24252
24251
24250
24240
24230
24229
24224
24223
24222
24221
24219
24218
24213
24200
24198
24190
24189
24188
24187
24186
24183
24178
24172
24170
24151
24135
24109
24108
24107
24104
24102
24098
24090
24084
24075
24073
24071
24068
24064
24060
24054
24052
24048
24047
24046
24045
24040
24039
24034
24027
24025
24022
24015
24014
24013
24012
24002
24001
23992
23988
23987
23986
23985
23984
23976
23975
23974
23973
23972
23971
23968
23957
23954
23949
23948
23946
23945
23944
23940
23938
23935
23927
23925
23916
23911
23909
23908
23898
23891
23890
23888
23880
23875
23869
23862
23860
23849
23848
23847
23841
23839
23838
23837
23832
23828
23825
23821
23812
23811
23806
23799
23796
23795
23793
23790
23781
23774
23757
23756
23755
23754
23749
23747
23734
23733
23729
23728
23726
23725
23724
23721
23714
23702
23701
23700
23687
23686
23680
23670
23668
23665
23638
23633
23627
23625
23623
23614
23610
23602
23601
23600
23599
23598
23597
23596
23595
23594
23593
23592
23591
23590
23589
23588
23587
23586
23585
23584
23583
23582
23581
23580
23579
23578
23577
23576
23575
23574
23573
23572
23571
23570
23569
23568
23567
23566
23565
23564
23563
23562
23561
23560
23559
23558
23557
23556
23555
23554
23553
23552
23551
23550
23549
23548
23547
23546
23545
23544
23543
23542
23541
23540
23539
23538
23537
23536
23535
23534
23533
23532
23531
23530
23529
23528
23527
23526
23525
23524
23523
23522
23521
23520
23519
23518
23517
23516
23515
23514
23513
23512
23511
23510
23509
23508
23507
23506
23505
23504
23503
23502
23501
23500
23499
23498
23497
23496
23495
23494
23493
23492
23491
23490
23489
23488
23487
23486
23485
23484
23483
23482
23481
23480
23479
23478
23476
23475
23473
23472
23471
23470
23463
23462
23461
23458
23453
23446
23443
23441
23434
23433
23426
23423
23422
23421
23419
23418
23415
23414
23413
23410
23401
23397
23396
23394
23393
23388
23387
23382
23374
23373
23372
23368
23367
23364
23361
23360
23342
23329
23326
23307
23302
23299
23288
23285
23277
23276
23274
23273
23271
23270
23269
23254
23252
23243
23242
23236
23235
23232
23229
23225
23224
23223
23221
23220
23218
23216
23210
23208
23207
23205
23204
23198
23197
23195
23194
23192
23191
23176
23175
23167
23163
23162
23161
23160
23159
23158
23157
23156
23155
23147
23145
23142
23141
23140
23139
23138
23137
23136
23134
23133
23132
23131
23130
23123
23118
23117
23115
23114
23109
23105
23103
23101
23100
23096
23095
23094
23093
23088
23078
23077
23075
23074
23072
23071
23069
23065
23064
23061
23051
23049
23047
23046
23030
23021
23014
23011
23001
22995
22993
22983
22973
22963
22960
22959
22948
22945
22943
22939
22935
22927
22924
22923
22922
22920
22919
22913
22909
22908
22905
22904
22903
22902
22901
22894
22893
22891
22883
22872
22870
22869
22863
22862
22858
22851
22850
22849
22848
22847
22846
22845
22844
22843
22842
22841
22840
22839
22838
22837
22836
22835
22834
22833
22832
22831
22830
22829
22828
22827
22826
22825
22824
22823
22822
22821
22820
22815
22809
22804
22801
22799
22777
22775
22769
22768
22767
22765
22753
22743
22735
22734
22733
22731
22730
22729
22727
22724
22721
22720
22719
22712
22663
22657
22655
22644
22643
22637
22624
22619
22616
22613
22610
22608
22597
22596
22595
22594
22593
22590
22589
22583
22582
22571
22570
22569
22568
22567
22557
22556
22545
22541
22538
22537
22535
22530
22529
22527
22526
22523
22522
22521
22517
22515
22514
22506
22505
22504
22502
22501
22500
22499
22498
22497
22496
22495
22494
22493
22492
22491
22490
22489
22488
22487
22486
22485
22484
22483
22482
22481
22480
22479
22478
22477
22476
22475
22474
22473
22472
22471
22470
22469
22468
22467
22466
22465
22464
22463
22462
22461
22460
22459
22458
22457
22456
22455
22454
22453
22452
22451
22450
22449
22448
22447
22446
22445
22444
22443
22442
22441
22440
22439
22438
22437
22436
22435
22434
22433
22432
22431
22430
22429
22428
22427
22426
22425
22424
22423
22422
22421
22420
22419
22418
22417
22416
22415
22414
22413
22412
22411
22410
22409
22408
22407
22406
22405
22404
22403
22402
22401
22400
22399
22398
22397
22396
22395
22394
22393
22392
22391
22390
22389
22388
22387
22386
22385
22384
22383
22382
22381
22380
22379
22378
22377
22376
22375
22374
22373
22372
22371
22370
22369
22368
22367
22366
22365
22364
22363
22362
22361
22360
22359
22358
22357
22356
22351
22350
22349
22348
22347
22343
22337
22335
22329
22327
22319
22318
22317
22315
22312
22311
22293
22290
22285
22284
22283
22282
22281
22280
22279
22278
22277
22276
22275
22274
22273
22272
22271
22270
22269
22268
22267
22266
22265
22264
22263
22262
22261
22260
22259
22258
22257
22256
22255
22254
22253
22252
22251
22250
22249
22248
22247
22246
22245
22244
22243
22242
22241
22240
22239
22238
22237
22236
22235
22234
22233
22232
22231
22230
22229
22228
22227
22226
22225
22224
22223
22222
22221
22220
22219
22218
22217
22216
22215
22214
22213
22212
22211
22210
22209
22208
22207
22206
22205
22204
22203
22202
22201
22200
22199
22198
22197
22196
22195
22194
22193
22192
22191
22190
22189
22188
22187
22186
22185
22184
22183
22182
22181
22180
22179
22178
22177
22176
22175
22174
22173
22172
22171
22170
22169
22168
22167
22166
22165
22164
22163
22162
22161
22160
22159
22158
22157
22156
22155
22154
22153
22152
22151
22150
22149
22148
22147
22146
22145
22144
22143
22142
22134
22133
22130
22125
22124
22123
22119
22118
22116
22115
22113
22112
22111
22109
22108
22107
22106
22103
22102
22098
22097
22096
22080
22079
22075
22074
22072
22064
22063
22062
22061
22060
22053
22052
22051
22050
22049
22048
22047
22046
22045
22044
22043
22042
22041
22040
22039
22038
22037
22036
22035
22034
22033
22032
22031
22030
22029
22028
22027
22026
22025
22024
22023
22022
22021
22020
22019
22018
22017
22016
22015
22014
22013
22012
22011
22010
22009
22008
22007
22006
22005
22004
22003
22002
22001
22000
21999
21998
21997
21996
21995
21994
21993
21992
21991
21990
21989
21988
21987
21979
21978
21974
21969
21968
21959
21954
21952
21947
21937
21935
21933
21932
21930
21929
21927
21925
21924
21914
21903
21901
21900
21892
21890
21885
21878
21877
21876
21875
21874
21873
21872
21871
21870
21869
21868
21867
21866
21865
21864
21863
21862
21861
21860
21859
21858
21857
21856
21855
21854
21853
21852
21851
21850
21849
21848
21847
21846
21845
21844
21843
21842
21841
21840
21839
21838
21837
21836
21835
21834
21833
21832
21831
21830
21829
21828
21827
21826
21825
21824
21823
21822
21821
21820
21819
21818
21817
21816
21815
21814
21813
21812
21811
21810
21809
21808
21807
21806
21805
21804
21798
21795
21794
21791
21787
21786
21785
21783
21781
21777
21774
21766
21765
21760
21758
21756
21755
21753
21751
21747
21734
21715
21711
21702
21701
21699
21698
21697
21670
21659
21647
21644
21637
21636
21626
21625
21624
21619
21614
21613
21598
21593
21592
21591
21590
21589
21588
21587
21586
21585
21584
21583
21582
21581
21580
21579
21578
21577
21576
21575
21574
21573
21572
21571
21570
21569
21568
21567
21566
21565
21564
21563
21562
21561
21560
21559
21558
21557
21556
21555
21554
21553
21552
21551
21550
21549
21548
21547
21546
21545
21544
21543
21542
21541
21540
21539
21538
21537
21536
21535
21534
21533
21532
21531
21530
21529
21528
21527
21526
21525
21524
21523
21522
21521
21520
21519
21513
21509
21496
21495
21469
21464
21463
21457
21452
21448
21447
21446
21445
21444
21442
21437
21436
21435
21433
21427
21425
21423
21421
21418
21417
21416
21406
21405
21404
21403
21402
21394
21393
21386
21380
21366
21354
21353
21342
21337
21329
21316
21315
21298
21297
21296
21295
21292
21274
21269
21258
21257
21256
21255
21245
21244
21242
21241
21240
21239
21238
21236
21235
21232
21228
21226
21218
21217
21216
21215
21214
21213
21212
21211
21210
21209
21208
21207
21206
21205
21204
21203
21202
21201
21200
21199
21198
21197
21196
21195
21194
21193
21192
21191
21190
21189
21188
21187
21186
21185
21184
21183
21182
21181
21180
21179
21178
21177
21176
21175
21174
21173
21172
21171
21170
21169
21168
21167
21166
21165
21164
21163
21162
21161
21160
21159
21158
21157
21156
21155
21154
21153
21152
21151
21150
21149
21148
21147
21146
21145
21144
21143
21139
21136
21128
21123
21118
21113
21111
21110
21109
21107
21106
21104
21103
21102
21093
21092
21091
21080
21079
21076
21074
21066
21041
21040
21037
21032
21031
21030
21029
21028
21025
21023
21022
21010
21008
21007
21006
21005
21002
20999
20998
20996
20995
20994
20988
20986
20985
20976
20975
20974
20973
20972
20971
20970
20969
20968
20967
20966
20965
20964
20963
20962
20961
20960
20959
20958
20957
20956
20955
20954
20953
20952
20951
20950
20949
20948
20947
20946
20945
20944
20943
20942
20941
20940
20939
20938
20937
20936
20935
20934
20933
20932
20931
20930
20929
20928
20927
20926
20925
20924
20923
20922
20921
20920
20919
20918
20917
20916
20915
20914
20913
20912
20911
20910
20909
20908
20907
20906
20905
20904
20903
20902
20901
20900
20899
20893
20876
20875
20874
20873
20862
20855
20851
20850
20849
20848
20847
20846
20845
20844
20843
20842
20841
20840
20839
20838
20837
20836
20835
20834
20833
20832
20831
20830
20829
20828
20827
20826
20825
20824
20823
20822
20821
20820
20819
20818
20817
20816
20815
20814
20813
20812
20811
20810
20809
20808
20807
20806
20805
20804
20803
20802
20801
20800
20799
20798
20797
20796
20795
20794
20793
20792
20791
20790
20789
20788
20787
20786
20785
20784
20783
20782
20781
20780
20779
20778
20777
20776
20774
20773
20772
20771
20769
20767
20764
20755
20753
20751
20750
20745
20739
20737
20721
20719
20717
20716
20715
20714
20702
20700
20695
20691
20688
20685
20681
20676
20671
20668
20666
20665
20664
20660
20659
20653
20652
20650
20649
20640
20638
20635
20633
20629
20624
20614
20602
20594
20593
20592
20591
20590
20589
20588
20581
20579
20567
20566
20563
20560
20556
20555
20542
20536
20534
20532
20529
20527
20526
20523
20522
20510
20504
20502
20494
20493
20490
20479
20478
20477
20476
20475
20474
20473
20472
20471
20470
20469
20468
20467
20466
20465
20464
20463
20462
20461
20460
20459
20458
20457
20456
20455
20454
20453
20452
20451
20450
20449
20448
20447
20446
20445
20444
20443
20442
20441
20440
20439
20438
20437
20436
20435
20434
20433
20432
20431
20430
20429
20428
20427
20426
20425
20424
20423
20422
20421
20420
20419
20418
20417
20416
20415
20414
20413
20412
20411
20410
20409
20408
20407
20406
20405
20404
20403
20402
20401
20400
20399
20398
20397
20396
20395
20394
20393
20392
20391
20390
20389
20388
20387
20386
20385
20384
20383
20382
20381
20380
20379
20378
20377
20376
20375
20374
20373
20372
20371
20370
20369
20368
20367
20366
20365
20364
20363
20362
20361
20360
20359
20358
20357
20356
20355
20354
20353
20352
20351
20350
20349
20348
20347
20346
20345
20344
20342
20341
20339
20326
20324
20322
20300
20290
20284
20278
20257
20256
20255
20254
20253
20252
20251
20250
20249
20248
20247
20246
20245
20244
20243
20242
20241
20240
20239
20238
20237
20236
20235
20234
20233
20232
20231
20230
20229
20228
20227
20226
20225
20224
20223
20222
20221
20220
20219
20218
20217
20216
20215
20214
20213
20212
20211
20210
20209
20208
20207
20206
20205
20204
20203
20202
20201
20200
20199
20198
20197
20196
20195
20194
20193
20192
20191
20190
20189
20188
20187
20186
20185
20184
20183
20182
20180
20178
20176
20174
20173
20169
20156
20154
20151
20142
20140
20135
20125
20123
20119
20117
20116
20115
20113
20108
20105
20098
20097
20091
20082
20081
20080
20078
20076
20065
20063
20052
20051
20050
20038
20027
20022
20020
20019
20015
20013
20007
20006
20005
20002
19992
19981
19978
19967
19962
19960
19958
19957
19950
19946
19945
19939
19938
19937
19936
19932
19922
19913
