30055
30054
30052
30051
30050
30049
30048
30047
30046
30045
30044
30043
30042
30041
30039
30038
30037
30036
30034
30031
30029
30027
30026
30025
30024
30023
30022
30021
30020
30019
30018
30017
30016
30015
30013
30012
30009
30008
30006
30005
30003
30002
30001
30000
29999
29998
29997
29996
29995
29994
29993
29992
29991
29990
29989
29988
29987
29986
29985
29984
29983
29982
29979
29978
29977
29976
29975
29974
29973
29972
29971
29970
29969
29968
29967
29966
29965
29964
29963
29962
29961
29960
29959
29958
29957
29956
29955
29954
29953
29952
29951
29950
29948
29947
29946
29945
29944
29943
29942
29941
29940
29939
29938
29936
29935
29934
29933
29932
29931
29930
29929
29928
29927
29926
29925
29924
29923
29922
29921
29920
29919
29918
29917
29916
29915
29914
29913
29912
29911
29910
29909
29908
29907
29906
29905
29904
29903
29902
29901
29900
29899
29897
29896
29895
29891
29890
29889
29888
29887
29885
29884
29883
29882
29881
29880
29879
29878
29877
29876
29875
29869
29868
29867
29866
29865
29864
29863
29862
29861
29860
29859
29858
29857
29856
29855
29854
29853
29852
29851
29850
29849
29848
29847
29846
29845
29844
29843
29842
29841
29839
29838
29835
29834
29833
29832
29831
29830
29827
29826
29824
29820
29819
29817
29816
29815
29814
29813
29812
29811
29810
29809
29807
29806
29805
29804
29803
29802
29801
29800
29799
29798
29797
29796
29795
29794
29792
29791
29790
29789
29788
29787
29786
29785
29783
29782
29781
29780
29779
29778
29777
29776
29775
29774
29773
29772
29771
29767
29766
29765
29764
29763
29762
29761
29760
29759
29758
29757
29752
29751
29745
29744
29743
29739
29738
29737
29736
29735
29734
29733
29732
29731
29730
29728
29727
29725
29724
29723
29722
29721
29720
29719
29718
29717
29716
29715
29714
29713
29712
29711
29710
29709
29708
29707
29706
29705
29704
29703
29702
29701
29700
29699
29698
29697
29696
29695
29694
29693
29692
29691
29690
29689
29688
29686
29685
29684
29683
29682
29681
29680
29679
29678
29676
29675
29674
29673
29672
29671
29670
29669
29668
29667
29666
29665
29664
29663
29662
29661
29660
29659
29658
29657
29653
29652
29649
29648
29646
29645
29644
29643
29642
29641
29640
29639
29638
29637
29636
29635
29634
29633
29630
29629
29628
29627
29626
29625
29623
29622
29621
29620
29619
29618
29617
29615
29614
29613
29612
29611
29610
29609
29608
29607
29606
29605
29604
29603
29602
29601
29600
29599
29598
29597
29595
29594
29593
29592
29591
29590
29589
29588
29587
29586
29585
29583
29582
29581
29580
29579
29577
29576
29575
29574
29573
29572
29571
29570
29569
29568
29567
29566
29565
29564
29563
29562
29561
29559
29558
29557
29556
29555
29554
29553
29551
29550
29548
29547
29546
29545
29544
29543
29542
29541
29540
29539
29538
29537
29536
29535
29534
29532
29530
29529
29528
29526
29525
29524
29523
29522
29521
29518
29517
29516
29515
29514
29513
29512
29511
29510
29509
29508
29507
29506
29505
29504
29503
29502
29501
29500
29499
29498
29496
29495
29494
29493
29491
29490
29489
29488
29487
29486
29485
29484
29483
29482
29481
29480
29479
29478
29477
29476
29475
29474
29473
29471
29470
29469
29468
29467
29465
29464
29463
29458
29457
29456
29454
29453
29452
29451
29450
29449
29448
29446
29445
29441
29440
29439
29438
29436
29435
29434
29433
29432
29431
29430
29429
29428
29426
29425
29424
29423
29422
29415
29414
29413
29412
29410
29407
29406
29405
29404
29401
29400
29399
29397
29395
29394
29393
29392
29391
29389
29388
29387
29386
29384
29383
29382
29381
29380
29379
29378
29377
29376
29374
29373
29372
29371
29370
29368
29366
29364
29362
29361
29357
29355
29353
29352
29350
29348
29347
29346
29345
29344
29343
29342
29341
29340
29339
29337
29334
29333
29332
29330
29329
29328
29327
29326
29325
29324
29323
29321
29320
29319
29318
29317
29316
29315
29314
29313
29312
29311
29310
29309
29308
29307
29306
29305
29304
29303
29302
29301
29300
29299
29298
29297
29296
29295
29294
29292
29291
29290
29288
29286
29285
29283
29280
29279
29278
29275
29274
29273
29272
29271
29270
29269
29268
29257
29256
29253
29252
29251
29250
29249
29248
29247
29143
29142
29141
29140
29137
29136
29135
29134
29131
29130
29129
29127
29126
29123
29122
29121
29120
29119
29118
29117
29116
29115
29114
29113
29112
29109
29107
29106
29105
29104
29103
29102
29101
29100
29099
29096
29095
29094
29092
29091
29090
29088
29087
29086
29085
29084
29083
29082
29080
29079
29078
29076
29075
29072
29071
29070
29069
29068
29067
29066
29065
29064
29062
29061
29059
29058
29057
29056
29054
29053
29052
29050
29049
29047
29045
29042
29041
29040
29039
29037
29034
29032
29030
29029
29026
29025
29024
29023
29022
29020
29018
29013
29009
29007
29006
29005
29004
29003
29000
28998
28997
28996
28995
28994
28993
28992
28991
28989
28988
28987
28986
28985
28982
28981
28980
28978
28976
28975
28974
28973
28972
28971
28970
28969
28968
28967
28966
28964
28963
28961
28959
28958
28957
28956
28955
28954
28953
28952
28951
28950
28949
28948
28947
28946
28945
28944
28943
28942
28940
28936
28935
28934
28933
28932
28931
28929
28928
28927
28925
28924
28920
28918
28917
28915
28913
28912
28911
28910
28905
28904
28903
28902
28901
28900
28899
28898
28897
28896
28895
28894
28893
28892
28891
28890
28888
28887
28886
28885
28884
28882
28881
28880
28879
28878
28876
28875
28874
28872
28871
28869
28868
28867
28866
28864
28863
28862
28861
28860
28859
28857
28856
28855
28854
28853
28852
28851
28848
28847
28845
28844
28843
28842
28841
28840
28839
28838
28836
28835
28834
28833
28832
28831
28830
28829
28828
28827
28823
28822
28821
28820
28818
28817
28816
28815
28813
28811
28810
28809
28808
28807
28806
28805
28804
28803
28802
28801
28800
28799
28793
28792
28791
28790
28789
28788
28786
28785
28784
28783
28782
28780
28775
28774
28773
28770
28769
28768
28767
28765
28764
28763
28762
28761
28758
28757
28756
28755
28754
28753
28752
28751
28749
28748
28747
28746
28745
28744
28743
28742
28741
28740
28739
28738
28737
28731
28729
28727
28724
28723
28722
28720
28718
28717
28716
28714
28713
28712
28711
28710
28709
28708
28706
28705
28703
28702
28701
28700
28699
28698
28697
28695
28694
28692
28690
28689
28688
28687
28686
28685
28684
28683
28682
28681
28680
28679
28678
28676
28675
28674
28670
28668
28667
28663
28662
28660
28658
28657
28653
28652
28651
28648
28647
28646
28644
28643
28642
28638
28637
28636
28635
28634
28633
28632
28631
28630
28624
28623
28621
28619
28618
28617
28616
28614
28607
28605
28602
28601
28600
28599
28598
28590
28589
28588
28587
28586
28585
28584
28583
28582
28580
28579
28578
28577
28574
28573
28572
28570
28569
28568
28567
28565
28563
28562
28561
28560
28559
28558
28557
28556
28555
28554
28553
28552
28551
28549
28548
28547
28545
28544
28538
28537
28536
28534
28533
28532
28531
28530
28529
28528
28527
28526
28525
28524
28523
28522
28521
28518
28517
28516
28515
28513
28510
28509
28508
28507
28505
28504
28503
28502
28501
28500
28499
28498
28497
28496
28495
28492
28490
28488
28487
28485
28484
28481
28479
28478
28477
28475
28474
28473
28472
28471
28470
28469
28467
28466
28463
28462
28461
28460
28459
28458
28457
28456
28454
28453
28451
28447
28446
28442
28437
28435
28434
28433
28431
28430
28429
28427
28426
28423
28419
28413
28408
28406
28405
28404
28403
28402
28401
28400
28398
28397
28395
28394
28393
28390
28389
28387
28386
28385
28382
28381
28380
28378
28374
28373
28372
28371
28370
28369
28365
28364
28362
28361
28359
28358
28355
28354
28353
28352
28351
28348
28347
28346
28343
28342
28341
28339
28338
28333
28329
28328
28327
28326
28325
28324
28323
28321
28320
28319
28318
28316
28315
28314
28312
28311
28310
28309
28307
28306
28305
28304
28303
28302
28301
28300
28299
28297
28296
28295
28294
28292
28290
28289
28288
28287
28286
28285
28284
28283
28282
28281
28277
28276
28275
28274
28273
28272
28271
28270
28269
28267
28266
28265
28264
28263
28262
28261
28259
28257
28256
28253
28252
28251
28250
28249
28246
28245
28244
28243
28242
28240
28239
28237
28236
28235
28234
28233
28232
28230
28229
28228
28227
28226
28225
28224
28223
28222
28221
28220
28219
28218
28217
28216
28214
28210
28209
28208
28207
28206
28203
28202
28201
28200
28199
28197
28196
28195
28193
28192
28191
28190
28189
28187
28186
28184
28183
28182
28181
28179
28178
28177
28176
28175
28172
28171
28170
28169
28168
28167
28166
28165
28164
28163
28162
28160
28159
28158
28157
28156
28155
28153
28152
28151
28150
28148
28146
28144
28143
28142
28141
28140
28139
28136
28134
28133
28132
28130
28129
28128
28127
28125
28123
28120
28119
28118
28115
28114
28113
28111
28109
28108
28107
28105
28104
28103
28101
28098
28097
28096
28095
28092
28091
28090
28088
28087
28086
28085
28083
28082
28081
28080
28079
28076
28075
28074
28073
28072
28069
28066
28064
28063
28060
28059
28057
28051
28050
28049
28048
28047
28045
28044
28041
28040
28039
28038
28037
28036
28035
28034
28031
28030
28029
28028
28027
28021
28020
28019
28018
28017
28013
28012
28011
28010
28009
28008
28007
28005
28004
28002
28001
27999
27998
27997
27996
27992
27991
27990
27987
27985
27984
27982
27981
27979
27978
27977
27976
27975
27974
27972
27971
27970
27969
27968
27967
27966
27964
27963
27962
27961
27960
27959
27958
27957
27956
27955
27954
27953
27952
27951
27948
27947
27946
27945
27944
27942
27941
27940
27939
27938
27937
27935
27934
27933
27930
27927
27923
27922
27920
27919
27918
27916
27915
27914
27913
27912
27908
27905
27904
27903
27902
27901
27900
27899
27898
27897
27896
27895
27894
27891
27890
27889
27887
27886
27885
27884
27882
27880
27878
27877
27874
27873
27870
27867
27864
27862
27861
27859
27858
27857
27852
27850
27849
27848
27847
27846
27845
27844
27843
27842
27841
27840
27839
27838
27837
27833
27832
27831
27830
27829
27828
27827
27824
27823
27821
27820
27819
27816
27815
27814
27813
27810
27809
27808
27807
27805
27804
27803
27802
27801
27800
27799
27798
27797
27796
27795
27794
27793
27792
27791
27790
27789
27788
27787
27786
27785
27784
27783
27782
27781
27780
27779
27778
27777
27776
27775
27773
27772
27771
27770
27769
27767
27766
27765
27764
27763
27762
27761
27760
27759
27758
27757
27756
27755
27753
27750
27748
27746
27745
27743
27742
27741
27740
27739
27738
27737
27736
27735
27734
27733
27732
27731
27730
27729
27728
27727
27723
27722
27721
27720
27716
27713
27712
27711
27710
27708
27707
27706
27705
27704
27703
27702
27699
27694
27693
27692
27691
27690
27689
27686
27685
27684
27683
27681
27680
27679
27678
27675
27674
27673
27669
27667
27666
27665
27664
27663
27661
27660
27658
27654
27653
27652
27646
27645
27643
27642
27641
27639
27638
27637
27636
27633
27632
27631
27629
27628
27627
27626
27625
27616
27610
27608
27607
27606
27604
27603
27601
27600
27599
27598
27597
27595
27593
27588
27587
27585
27584
27580
27577
27574
27570
27569
27568
27567
27565
27563
27561
27557
27552
27549
27548
27547
27545
27544
27542
27541
27538
27535
27534
27528
27527
27525
27524
27523
27521
27519
27518
27513
27512
27507
27505
27504
27503
27502
27500
27499
27498
27497
27496
27495
27494
27493
27490
27489
27488
27486
27485
27483
27482
27480
27479
27478
27477
27475
27474
27471
27469
27468
27467
27466
27464
27463
27462
27461
27457
27456
27453
27452
27451
27450
27449
27446
27445
27443
27442
27441
27440
27438
27437
27435
27433
27432
27431
27430
27429
27428
27426
27425
27423
27422
27421
27413
27412
27410
27409
27406
27405
27403
27401
27398
27396
27394
27391
27390
27389
27388
27387
27386
27385
27378
27377
27376
27375
27374
27373
27367
27366
27363
27362
27359
27358
27357
27356
27355
27354
27351
27349
27348
27347
27346
27345
27343
27341
27340
27339
27335
27334
27333
27332
27331
27330
27329
27328
27327
27326
27324
27323
27322
27320
27319
27318
27317
27316
27314
27313
27312
27311
27310
27309
27308
27307
27304
27303
27302
27300
27297
27296
27295
27294
27292
27291
27287
27284
27279
27273
27272
27271
27270
27269
27268
27267
27266
27265
27264
27262
27261
27260
27259
27258
27257
27255
27254
27253
27252
27251
27250
27249
27248
27245
27243
27242
27241
27240
27239
27238
27237
27236
27233
27232
27231
27230
27229
27228
27226
27225
27224
27221
27220
27217
27215
27214
27213
27212
27211
27210
27209
27208
27207
27206
27205
27204
27203
27202
27201
27198
27197
27196
27195
27194
27191
27189
27188
27186
27184
27183
27182
27181
27180
27177
27175
27173
27172
27171
27170
27169
27168
27164
27163
27162
27161
27160
27158
27152
27151
27150
27147
27145
27144
27143
27142
27141
27139
27138
27137
27136
27135
27134
27132
27131
27130
27129
27128
27127
27125
27124
27123
27121
27120
27119
27118
27117
27116
27115
27113
27112
27111
27110
27109
27107
27106
27105
27104
27096
27095
27093
27092
27091
27090
27088
27087
27086
27083
27081
27079
27075
27073
27072
27069
27068
27067
27066
27063
27061
27060
27058
27057
27056
27054
27053
27052
27051
27050
27046
27045
27044
27042
27036
27035
27034
27033
27032
27031
27023
27022
27021
27012
27011
27010
27008
27006
27004
27003
26999
26998
26997
26995
26994
26993
26992
26989
26987
26986
26985
26979
26977
26975
26974
26973
26971
26968
26967
26966
26965
26964
26962
26960
26959
26957
26954
26953
26952
26949
26948
26947
26946
26945
26944
26943
26942
26941
26939
26938
26937
26933
26932
26931
26930
26929
26928
26927
26926
26925
26924
26922
26921
26920
26918
26915
26914
26912
